WARNING (theano.tensor.blas): Using NumPy C-API based implementation for BLAS functions.
A
------------------------
[[0. 1. 2. 0.]
 [1. 0. 1. 0.]
 [2. 1. 0. 1.]
 [0. 0. 1. 0.]]


Adj norm
------------------------
[[0.         0.40824829 0.57735027 0.        ]
 [0.40824829 0.         0.35355339 0.        ]
 [0.57735027 0.35355339 0.         0.5       ]
 [0.         0.         0.5        0.        ]]

Eigen vals and vecs
------------------------
[0.14388355 1.        ]
[[-0.3541064   0.54772256]
 [-0.4462328   0.4472136 ]
 [ 0.2272861   0.63245553]
 [ 0.78982655  0.31622777]]

Mcap 
------------------------
[[0.00700009 0.01078336 0.         0.        ]
 [0.01078336 0.01659445 0.         0.        ]
 [0.         0.         0.00216817 0.01497261]
 [0.         0.         0.01497261 0.09970375]]

Singular Values and U are
------------------------
[7.85139908e-05 2.35995530e-02 1.01950435e-01]
[[ 1.81861887e-11  5.44765070e-01  7.19910243e-17]
 [-1.18138832e-11  8.38588706e-01 -5.98479599e-17]
 [-9.88928685e-01  2.22044605e-16  1.48391564e-01]
 [ 1.48391564e-01  2.22044605e-16  9.88928685e-01]]


Final Embedding is 
------------------------
[[ 1.61144400e-13  8.36876054e-02  2.29865024e-17]
 [-1.04680599e-13  1.28825221e-01 -1.91092610e-17]
 [-8.76271124e-03  3.41108164e-17  4.73809489e-02]
 [ 1.31486977e-03  3.41108164e-17  3.15761747e-01]]

----------------------------------------------------------------------------------------------------------
WARNING (theano.tensor.blas): Using NumPy C-API based implementation for BLAS functions.
A
------------------------
[[0. 1. 1. 0. 0. 2.]
 [1. 0. 1. 0. 0. 1.]
 [1. 1. 0. 0. 3. 1.]
 [0. 0. 0. 0. 4. 1.]
 [0. 0. 3. 4. 0. 1.]
 [2. 1. 1. 1. 1. 0.]]


Adj norm
------------------------
[[0.         0.28867513 0.20412415 0.         0.         0.40824829]
 [0.28867513 0.         0.23570226 0.         0.         0.23570226]
 [0.20412415 0.23570226 0.         0.         0.4330127  0.16666667]
 [0.         0.         0.         0.         0.63245553 0.18257419]
 [0.         0.         0.4330127  0.63245553 0.         0.14433757]
 [0.40824829 0.23570226 0.16666667 0.18257419 0.14433757 0.        ]]

Eigen vals and vecs
------------------------
[-0.02861297  0.51540827  1.        ]
[[-0.23228187 -0.48347249  0.35355339]
 [ 0.16139987 -0.42604137  0.30618622]
 [ 0.72547985 -0.06073942  0.4330127 ]
 [-0.39841873  0.50844038  0.39528471]
 [ 0.15098488  0.49481295  0.5       ]
 [-0.46058689 -0.27875142  0.4330127 ]]

Mcap 
------------------------
[[0.18117511 0.18407664 0.02016973 0.         0.         0.08938791]
 [0.18407664 0.18702043 0.0205198  0.         0.         0.09088619]
 [0.02016973 0.0205198  0.00208779 0.         0.         0.0095458 ]
 [0.         0.         0.         0.16189426 0.12681567 0.        ]
 [0.         0.         0.         0.12681567 0.09896365 0.        ]
 [0.08938791 0.09088619 0.0095458  0.         0.         0.04307703]]

Singular Values and U are
------------------------
[2.31975408e-04 1.09032823e-03 2.61089888e-01 4.14448166e-01]
[[ 1.28897559e-10 -1.99111505e-01 -6.93889390e-17 -6.61250376e-01]
 [-1.14730614e-10 -2.65619781e-01  4.85722573e-17 -6.71890712e-01]
 [ 2.52344534e-11  3.60740425e-01 -3.64291930e-17 -7.33127156e-02]
 [ 6.16110182e-01  7.92222538e-12  7.87659980e-01 -1.32427628e-16]
 [-7.87659980e-01 -1.01279957e-11  6.16110182e-01  3.42636208e-17]
 [-3.07154302e-11  8.71588829e-01 -6.93889390e-17 -3.25478198e-01]]


Final Embedding is 
------------------------
[[ 1.96320507e-12 -6.57468551e-03 -3.54556354e-17 -4.25697445e-01]
 [-1.74743202e-12 -8.77079669e-03  2.48189448e-17 -4.32547443e-01]
 [ 3.84339371e-13  1.19116916e-02 -1.86142086e-17 -4.71970026e-02]
 [ 9.38381332e-03  2.61592822e-13  4.02470271e-01 -8.52537935e-17]
 [-1.19966435e-02 -3.34427618e-13  3.14813547e-01  2.20581134e-17]
 [-4.67818698e-13  2.87799665e-02 -3.54556354e-17 -2.09535211e-01]]

----------------------------------------------------------------------------------------------------------
WARNING (theano.tensor.blas): Using NumPy C-API based implementation for BLAS functions.
A
------------------------
[[0. 1. 1. 0. 2. 1. 1.]
 [1. 0. 3. 1. 0. 0. 1.]
 [1. 3. 0. 0. 1. 4. 0.]
 [0. 1. 0. 0. 1. 0. 0.]
 [2. 0. 1. 1. 0. 0. 0.]
 [1. 0. 4. 0. 0. 0. 1.]
 [1. 1. 0. 0. 0. 1. 0.]]


Adj norm
------------------------
[[0.         0.16666667 0.13608276 0.         0.40824829 0.16666667
  0.23570226]
 [0.16666667 0.         0.40824829 0.28867513 0.         0.
  0.23570226]
 [0.13608276 0.40824829 0.         0.         0.16666667 0.54433105
  0.        ]
 [0.         0.28867513 0.         0.         0.35355339 0.
  0.        ]
 [0.40824829 0.         0.16666667 0.35355339 0.         0.
  0.        ]
 [0.16666667 0.         0.54433105 0.         0.         0.
  0.23570226]
 [0.23570226 0.23570226 0.         0.         0.         0.23570226
  0.        ]]

Eigen vals and vecs
------------------------
[0.13016988 0.38419949 1.        ]
[[-0.55466779  0.18659704  0.40824829]
 [ 0.54842043  0.04272495  0.40824829]
 [ 0.24264229 -0.32973057  0.5       ]
 [ 0.41787369  0.54145876  0.23570226]
 [-0.29393233  0.55350777  0.33333333]
 [-0.12462551 -0.48089971  0.40824829]
 [-0.23697519 -0.15434022  0.28867513]]

Mcap 
------------------------
[[0.03985273 0.         0.         0.02903181 0.06323578 0.
  0.00144448]
 [0.         0.02731252 0.00543539 0.04939868 0.         0.
  0.        ]
 [0.         0.00543539 0.03019472 0.         0.         0.04520808
  0.01590724]
 [0.02903181 0.04939868 0.         0.31936927 0.19439893 0.
  0.        ]
 [0.06323578 0.         0.         0.19439893 0.16860728 0.
  0.        ]
 [0.         0.         0.04520808 0.         0.         0.08430477
  0.04214006]
 [0.00144448 0.         0.01590724 0.         0.         0.04214006
  0.02753516]]

Singular Values and U are
------------------------
[0.01253887 0.02200657 0.08012929 0.12950003 0.46468778]
[[ 1.78953990e-01  5.93095929e-01  5.65414923e-01  1.76883496e-03
  -1.38997859e-01]
 [ 1.44636213e-01  7.42249483e-01 -4.13287695e-01  2.34316330e-02
  -9.15421513e-02]
 [-6.39755947e-01  2.28705120e-01 -2.24390554e-02  4.32883195e-01
  -1.18492583e-03]
 [ 2.71366672e-02 -1.04890206e-01 -4.39415693e-01  8.40762901e-04
  -8.10382608e-01]
 [-1.06310006e-01 -1.16741176e-01  5.61354184e-01 -7.03954122e-03
  -5.61763245e-01]
 [-2.25411945e-02 -9.23933840e-02  1.70279802e-02  8.06948360e-01
  -1.98606199e-04]
 [ 7.24721907e-01 -1.08765331e-01  2.23855060e-02  4.01053678e-01
  -5.21551372e-04]]


Final Embedding is 
------------------------
[[ 2.00387462e-02  8.79834871e-02  1.60052668e-01  6.36534946e-04
  -9.47520771e-02]
 [ 1.61959415e-02  1.10109840e-01 -1.16989834e-01  8.43213390e-03
  -6.24024646e-02]
 [-7.16380063e-02  3.39275200e-02 -6.35184982e-03  1.55777835e-01
  -8.07740382e-04]
 [ 3.03868490e-03 -1.55600564e-02 -1.24385918e-01  3.02557887e-04
  -5.52421712e-01]
 [-1.19042847e-02 -1.73181020e-02  1.58903190e-01 -2.53325725e-03
  -3.82942836e-01]
 [-2.52409726e-03 -1.37062012e-02  4.82013040e-03  2.90389348e-01
  -1.35385898e-04]
 [ 8.11522469e-02 -1.61349162e-02  6.33669154e-03  1.44323629e-01
  -3.55531201e-04]]

----------------------------------------------------------------------------------------------------------
WARNING (theano.tensor.blas): Using NumPy C-API based implementation for BLAS functions.
A
------------------------
[[0. 1. 1. 0. 1. 0. 3. 0.]
 [1. 0. 0. 1. 1. 1. 4. 0.]
 [1. 0. 0. 1. 0. 0. 0. 0.]
 [0. 1. 1. 0. 1. 0. 5. 1.]
 [1. 1. 0. 1. 0. 0. 0. 1.]
 [0. 1. 0. 0. 0. 0. 0. 2.]
 [3. 4. 0. 5. 0. 0. 0. 1.]
 [0. 0. 0. 1. 1. 2. 1. 0.]]


Adj norm
------------------------
[[0.         0.14433757 0.28867513 0.         0.20412415 0.
  0.33968311 0.        ]
 [0.14433757 0.         0.         0.11785113 0.1767767  0.20412415
  0.39223227 0.        ]
 [0.28867513 0.         0.         0.23570226 0.         0.
  0.         0.        ]
 [0.         0.11785113 0.23570226 0.         0.16666667 0.
  0.46225016 0.1490712 ]
 [0.20412415 0.1767767  0.         0.16666667 0.         0.
  0.         0.2236068 ]
 [0.         0.20412415 0.         0.         0.         0.
  0.         0.51639778]
 [0.33968311 0.39223227 0.         0.46225016 0.         0.
  0.         0.12403473]
 [0.         0.         0.         0.1490712  0.2236068  0.51639778
  0.12403473 0.        ]]

Eigen vals and vecs
------------------------
[0.04874187 0.13126359 0.48090532 1.        ]
[[-4.53148931e-01  3.47392166e-01 -3.06002040e-01  3.46410162e-01]
 [-3.46567318e-01 -4.31391900e-01 -3.50814960e-02  4.00000000e-01]
 [ 2.45665152e-01  6.76367806e-01 -2.61524291e-01  2.00000000e-01]
 [ 6.05793968e-01 -4.87946733e-02 -1.58815802e-01  4.24264069e-01]
 [-4.54860589e-01  2.14328581e-01  7.92786813e-02  2.82842712e-01]
 [-2.49524161e-04  6.13115063e-02  6.25044274e-01  2.44948974e-01]
 [ 1.46801427e-01 -3.86048650e-01 -2.43702329e-01  5.09901951e-01]
 [ 1.36969209e-01  1.86107445e-01  5.95951631e-01  3.16227766e-01]]

Mcap 
------------------------
[[0.09185523 0.         0.13971896 0.0191165  0.         0.
  0.02536089 0.        ]
 [0.         0.02189158 0.         0.         0.         0.
  0.01482953 0.        ]
 [0.13971896 0.         0.29180462 0.0472913  0.         0.
  0.02076819 0.        ]
 [0.0191165  0.         0.0472913  0.02334499 0.         0.
  0.01978861 0.        ]
 [0.         0.         0.         0.         0.02878315 0.06680939
  0.         0.05076314]
 [0.         0.         0.         0.         0.06680939 0.47236216
  0.         0.36979686]
 [0.02536089 0.01482953 0.02076819 0.01978861 0.         0.
  0.02978577 0.        ]
 [0.         0.         0.         0.         0.05076314 0.36979686
  0.         0.28893627]]

Singular Values and U are
------------------------
[0.01888272 0.01937105 0.0229557  0.04713785 0.37415509 0.77113128]
[[-1.44099231e-01  7.54951657e-15  7.65265938e-01  2.24221557e-01
   4.51493781e-01  1.38777878e-16]
 [ 8.09523703e-01 -7.89160404e-14 -1.50623385e-01  4.49495031e-01
   3.98571364e-03 -2.77555756e-17]
 [ 1.75649614e-01 -1.55153668e-14 -3.00300762e-01 -2.53462429e-01
   8.74818182e-01 -2.77555756e-17]
 [-5.15825547e-01  6.26373953e-14 -5.48983856e-01  3.12812095e-01
   1.47874309e-01  2.77555756e-17]
 [-1.00419673e-13 -9.91914832e-01 -1.13936638e-14 -2.08166817e-17
   1.11022302e-16  1.12303330e-01]
 [-5.60662627e-15  5.16697973e-02 -8.54871729e-15 -9.99200722e-16
   1.66533454e-16  7.82751675e-01]
 [-1.64249823e-01  1.31838984e-14 -1.08082215e-02  7.65234801e-01
   9.46774396e-02  2.77555756e-17]
 [ 2.54796184e-14  1.15910300e-01  1.30728761e-14  1.16573418e-15
   1.11022302e-16  6.12117454e-01]]


Final Embedding is 
------------------------
[[-1.98013111e-02  1.05074114e-15  1.15946506e-01  4.86813070e-02
   2.76170702e-01  1.21866518e-16]
 [ 1.11240224e-01 -1.09835285e-14 -2.28211585e-02  9.75909983e-02
   2.43799003e-03 -2.43733036e-17]
 [ 2.41367885e-02 -2.15942756e-15 -4.54989858e-02 -5.50298663e-02
   5.35110697e-01 -2.43733036e-17]
 [-7.08818645e-02  8.71786787e-15 -8.31773070e-02  6.79154218e-02
   9.04520804e-02  2.43733036e-17]
 [-1.37991103e-14 -1.38054630e-01 -1.72626984e-15 -4.51956220e-18
   6.79103645e-17  9.86181366e-02]
 [-7.70431256e-16  7.19139843e-03 -1.29522804e-15 -2.16938985e-16
   1.01865547e-16  6.87366188e-01]
 [-2.25702929e-02  1.83493397e-15 -1.63756866e-03  1.66142055e-01
   5.79125031e-02  2.43733036e-17]
 [ 3.50126680e-15  1.61323867e-02  1.98068963e-15  2.53095483e-16
   6.79103645e-17  5.37525315e-01]]

----------------------------------------------------------------------------------------------------------
WARNING (theano.tensor.blas): Using NumPy C-API based implementation for BLAS functions.
A
------------------------
[[0. 0. 1. 0. 1. 0. 0. 0. 0.]
 [0. 0. 0. 0. 4. 1. 1. 1. 7.]
 [1. 0. 0. 0. 0. 0. 0. 0. 1.]
 [0. 0. 0. 0. 1. 0. 8. 1. 0.]
 [1. 4. 0. 1. 0. 0. 0. 0. 1.]
 [0. 1. 0. 0. 0. 0. 0. 1. 0.]
 [0. 1. 0. 8. 0. 0. 0. 9. 1.]
 [0. 1. 0. 1. 0. 1. 9. 0. 0.]
 [0. 7. 1. 0. 1. 0. 1. 0. 0.]]


Adj norm
------------------------
[[0.         0.         0.5        0.         0.26726124 0.
  0.         0.         0.        ]
 [0.         0.         0.         0.         0.40406102 0.18898224
  0.06131393 0.07715167 0.59160798]
 [0.5        0.         0.         0.         0.         0.
  0.         0.         0.2236068 ]
 [0.         0.         0.         0.         0.11952286 0.
  0.580381   0.09128709 0.        ]
 [0.26726124 0.40406102 0.         0.11952286 0.         0.
  0.         0.         0.11952286]
 [0.         0.18898224 0.         0.         0.         0.
  0.         0.20412415 0.        ]
 [0.         0.06131393 0.         0.580381   0.         0.
  0.         0.59603956 0.07254763]
 [0.         0.07715167 0.         0.09128709 0.         0.20412415
  0.59603956 0.         0.        ]
 [0.         0.59160798 0.2236068  0.         0.11952286 0.
  0.07254763 0.         0.        ]]

Eigen vals and vecs
------------------------
[0.12079574 0.44613493 0.77629083 1.        ]
[[ 0.06344466  0.62111004  0.29943817 -0.16012815]
 [-0.00269682 -0.41077653  0.37576137 -0.42365927]
 [ 0.19485161  0.57088652  0.30168048 -0.16012815]
 [-0.43558013  0.13311958 -0.33435621 -0.35805744]
 [-0.3358585  -0.03122178  0.3053599  -0.29957234]
 [ 0.69097677 -0.16399731 -0.00093349 -0.16012815]
 [-0.08620023  0.10531773 -0.45482785 -0.49354812]
 [ 0.41140014  0.02187169 -0.35143752 -0.39223227]
 [-0.03660482 -0.24982516  0.37777342 -0.35805744]]

Mcap 
------------------------
[[1.20317422 0.20450754 1.17728179 0.         0.45121246 0.
  0.         0.         0.34482159]
 [0.20450754 0.28291069 0.22737806 0.         0.2600726  0.07504545
  0.         0.         0.30262006]
 [1.17728179 0.22737806 1.15614021 0.         0.44773626 0.
  0.         0.         0.35971885]
 [0.         0.         0.         0.27002973 0.         0.
  0.25012924 0.22426317 0.        ]
 [0.45121246 0.2600726  0.44773626 0.         0.30013045 0.
  0.         0.         0.30081525]
 [0.         0.07504545 0.         0.         0.         0.29289689
  0.         0.05756469 0.04832867]
 [0.         0.         0.         0.25012924 0.         0.
  0.24322927 0.23285169 0.        ]
 [0.         0.         0.         0.22426317 0.         0.05756469
  0.23285169 0.24043682 0.        ]
 [0.34482159 0.30262006 0.35971885 0.         0.30081525 0.04832867
  0.         0.         0.33283725]]

Singular Values and U are
------------------------
[0.0077735  0.01460159 0.02536    0.28323986 0.54759861 0.72582801
 2.74825615]
[[ 4.44265698e-01  3.74324610e-01  1.37074838e-02  9.97857251e-02
  -2.92751933e-01 -8.99749157e-03  6.47985464e-01]
 [-6.17892824e-02  5.92427595e-01 -9.10739533e-02 -9.81474412e-02
   6.07971722e-01  2.08901935e-02  1.73167559e-01]
 [-5.59893949e-01 -2.33529258e-01 -6.72355159e-02  7.17744938e-02
  -2.32030894e-01 -7.49492788e-03  6.39371361e-01]
 [ 1.87537441e-01  8.22224395e-03 -6.86232561e-01 -1.14228666e-01
  -4.09947401e-02  5.90852596e-01  2.38866663e-05]
 [ 5.57506371e-01 -5.71695414e-01  1.98662065e-01 -2.24694113e-01
   3.42225826e-01  6.99943159e-03  2.84877185e-01]
 [ 7.64205887e-02 -1.64038236e-01 -1.15957435e-01  9.30163720e-01
   2.80063161e-01  7.97453863e-02  1.01225417e-02]
 [-1.71437561e-01 -1.98834542e-01  6.41392391e-02 -1.00556520e-01
  -3.91233689e-02  5.75789678e-01  2.43923360e-05]
 [-2.80978618e-02  2.11332182e-01  6.77138555e-01  1.05425917e-01
  -7.10310831e-03  5.58664027e-01  2.36754574e-04]
 [-3.21441692e-01 -1.27931452e-01 -2.32097137e-02 -1.59034255e-01
   5.40382090e-01  1.64958570e-02  2.45101130e-01]]


Final Embedding is 
------------------------
[[ 3.91697690e-02  4.52322759e-02  2.18289238e-03  5.31062460e-02
  -2.16636155e-01 -7.66546158e-03  1.07422157e+00]
 [-5.44780280e-03  7.15871938e-02 -1.45033649e-02 -5.22343467e-02
   4.49898503e-01  1.77975132e-02  2.87074844e-01]
 [-4.93644157e-02 -2.82189830e-02 -1.07071362e-02  3.81985893e-02
  -1.71702644e-01 -6.38534432e-03  1.05994122e+00]
 [ 1.65346959e-02  9.93551577e-04 -1.09281313e-01 -6.07928200e-02
  -3.03360691e-02  5.03380063e-01  3.95989935e-05]
 [ 4.91539091e-02 -6.90819785e-02  3.16365800e-02 -1.19582844e-01
   2.53246789e-01  5.96320357e-03  4.72265558e-01]
 [ 6.73780762e-03 -1.98218940e-02 -1.84660150e-02  4.95035771e-01
   2.07246476e-01  6.79395130e-02  1.67810132e-02]
 [-1.51152107e-02 -2.40265764e-02  1.02140596e-02 -5.35164654e-02
  -2.89512562e-02  4.90547129e-01  4.04372859e-05]
 [-2.47731652e-03  2.55367542e-02  1.07833109e-01  5.61079722e-02
  -5.25629347e-03  4.75956837e-01  3.92488541e-04]
 [-2.83406909e-02 -1.54588573e-02 -3.69610556e-03 -8.46384820e-02
   3.99882239e-01  1.40537346e-02  4.06325349e-01]]

----------------------------------------------------------------------------------------------------------
WARNING (theano.tensor.blas): Using NumPy C-API based implementation for BLAS functions.
A
------------------------
[[0. 1. 0. 0. 0. 0. 0. 0. 1. 0.]
 [1. 0. 2. 0. 0. 0. 0. 1. 0. 0.]
 [0. 2. 0. 0. 1. 0. 1. 0. 0. 0.]
 [0. 0. 0. 0. 0. 3. 0. 0. 1. 1.]
 [0. 0. 1. 0. 0. 0. 0. 1. 4. 0.]
 [0. 0. 0. 3. 0. 0. 0. 0. 1. 1.]
 [0. 0. 1. 0. 0. 0. 0. 1. 1. 5.]
 [0. 1. 0. 0. 1. 0. 1. 0. 1. 1.]
 [1. 0. 0. 1. 4. 1. 1. 1. 0. 1.]
 [0. 0. 0. 1. 0. 1. 5. 1. 1. 0.]]


Adj norm
------------------------
[[0.         0.35355339 0.         0.         0.         0.
  0.         0.         0.2236068  0.        ]
 [0.35355339 0.         0.5        0.         0.         0.
  0.         0.2236068  0.         0.        ]
 [0.         0.5        0.         0.         0.20412415 0.
  0.1767767  0.         0.         0.        ]
 [0.         0.         0.         0.         0.         0.6
  0.         0.         0.14142136 0.1490712 ]
 [0.         0.         0.20412415 0.         0.         0.
  0.         0.18257419 0.51639778 0.        ]
 [0.         0.         0.         0.6        0.         0.
  0.         0.         0.14142136 0.1490712 ]
 [0.         0.         0.1767767  0.         0.         0.
  0.         0.15811388 0.1118034  0.58925565]
 [0.         0.2236068  0.         0.         0.18257419 0.
  0.15811388 0.         0.14142136 0.1490712 ]
 [0.2236068  0.         0.         0.14142136 0.51639778 0.14142136
  0.1118034  0.14142136 0.         0.10540926]
 [0.         0.         0.         0.1490712  0.         0.1490712
  0.58925565 0.1490712  0.10540926 0.        ]]

Eigen vals and vecs
------------------------
[0.06825079 0.38383878 0.48123349 0.66861458 1.        ]
[[-0.75387058  0.14682684  0.21356141 -0.25883149  0.18569534]
 [-0.03995839  0.45361719  0.11863277 -0.48569042  0.26261287]
 [ 0.53423277  0.30937361  0.01560949 -0.40036966  0.26261287]
 [ 0.08003346  0.28006412  0.30834384  0.46669146  0.29361011]
 [ 0.29522176 -0.53041778  0.25405194 -0.1672151   0.32163376]
 [ 0.08003346  0.28006412  0.30834384  0.46669146  0.29361011]
 [-0.02161418  0.00119964 -0.58640484  0.05252309  0.37139068]
 [-0.01480312 -0.14526419 -0.1172596  -0.14777777  0.29361011]
 [-0.16692175 -0.46519186  0.27203952 -0.00599718  0.4152274 ]
 [-0.12713003  0.03521178 -0.50373996  0.22049844  0.3939193 ]]

Mcap 
------------------------
[[0.51118958 0.49992247 0.35414295 0.         0.11269531 0.
  0.         0.07099054 0.03015473 0.        ]
 [0.49992247 0.63273178 0.52218862 0.         0.04415996 0.
  0.         0.10845684 0.         0.        ]
 [0.35414295 0.52218862 0.45595125 0.         0.05266521 0.
  0.         0.1068769  0.         0.        ]
 [0.         0.         0.         0.50688527 0.         0.50688527
  0.         0.         0.         0.05494201]
 [0.11269531 0.04415996 0.05266521 0.         0.25229817 0.
  0.         0.07054585 0.15000993 0.        ]
 [0.         0.         0.         0.50688527 0.         0.50688527
  0.         0.         0.         0.05494201]
 [0.         0.         0.         0.         0.         0.
  0.21115476 0.04332203 0.         0.18483734]
 [0.07099054 0.10845684 0.1068769  0.         0.07054585 0.
  0.04332203 0.07719343 0.0117902  0.        ]
 [0.03015473 0.         0.         0.         0.15000993 0.
  0.         0.0117902  0.11261415 0.        ]
 [0.         0.         0.         0.05494201 0.         0.05494201
  0.18483734 0.         0.         0.1947008 ]]

Singular Values and U are
------------------------
[0.01637644 0.01785084 0.05996591 0.13897764 0.35950995 0.38707102
 1.02146616 1.49821298]
[[-2.54279571e-01 -5.24125662e-02  2.31671858e-01 -7.27251598e-01
   1.38887659e-01  2.34035559e-03  2.19405836e-04 -5.34962159e-01]
 [ 4.01193504e-01  2.59219055e-01 -1.38503577e-01  7.87268948e-02
  -1.74504579e-01 -3.44472483e-02  2.44777345e-04 -6.44469329e-01]
 [-1.92429549e-01 -2.35094698e-01 -2.16662245e-01  5.29712147e-01
  -1.34128674e-01 -1.98687756e-02  1.76742636e-04 -5.22234284e-01]
 [ 1.60450208e-02  2.34779072e-02  2.13459566e-02  6.43843157e-03
   9.72534446e-03 -5.79502049e-02 -7.03484932e-01 -6.73121942e-05]
 [ 4.12943918e-01 -3.86245981e-01  5.91356921e-02  1.25535019e-01
   7.96990103e-01  1.22149446e-01 -3.29049363e-05 -1.03004002e-01]
 [ 1.60450208e-02  2.34779072e-02  2.13459566e-02  6.43843157e-03
   9.72534446e-03 -5.79502049e-02 -7.03484932e-01 -6.73121942e-05]
 [ 3.34008724e-01  3.93230059e-01  2.57432573e-01  2.70772727e-02
  -1.09044158e-01  7.22402447e-01 -2.25285761e-02 -4.14557383e-03]
 [-4.70684867e-01  6.11648681e-02  6.82661238e-01  3.92270366e-01
   1.20700653e-01  1.13164588e-01 -9.71561080e-04 -1.20628944e-01]
 [-3.77767763e-01  6.20494066e-01 -4.54063758e-01  5.78969927e-02
   5.06965414e-01  7.18817319e-02 -1.07551531e-05 -2.38203896e-02]
 [-3.00839528e-01 -4.25577959e-01 -3.70570182e-01 -1.02513427e-01
  -1.15811364e-01  6.61012632e-01 -9.85356732e-02 -5.93514509e-04]]


Final Embedding is 
------------------------
[[-3.25402724e-02 -7.00268712e-03  5.67316608e-02 -2.71117252e-01
   8.32758579e-02  1.45605299e-03  2.21748233e-04 -6.54801764e-01]
 [ 5.13409153e-02  3.46334872e-02 -3.39166700e-02  2.93491544e-02
  -1.04631460e-01 -2.14313666e-02  2.47390611e-04 -7.88840194e-01]
 [-2.46252969e-02 -3.14103036e-02 -5.30561162e-02  1.97475127e-01
  -8.04224115e-02 -1.23613651e-02  1.78629557e-04 -6.39222652e-01]
 [ 2.05328862e-03  3.13681337e-03  5.22718463e-03  2.40022831e-03
   5.83123376e-03 -3.60537387e-02 -7.10995402e-01 -8.23911426e-05]
 [ 5.28446211e-02 -5.16051771e-02  1.44811116e-02  4.67990852e-02
   4.77868482e-01  7.59953170e-02 -3.32562324e-05 -1.26078455e-01]
 [ 2.05328862e-03  3.13681337e-03  5.22718463e-03  2.40022831e-03
   5.83123376e-03 -3.60537387e-02 -7.10995402e-01 -8.23911426e-05]
 [ 4.27432484e-02  5.25382989e-02  6.30399290e-02  1.00943275e-02
  -6.53819492e-02  4.49442916e-01 -2.27690933e-02 -5.07424499e-03]
 [-6.02337566e-02  8.17205616e-03  1.67169661e-01  1.46237236e-01
   7.23710840e-02  7.04053847e-02 -9.81933555e-04 -1.47651650e-01]
 [-4.83431126e-02  8.29023671e-02 -1.11190852e-01  2.15838282e-02
   3.03972147e-01  4.47212427e-02 -1.08699761e-05 -2.91565168e-02]
 [-3.84985714e-02 -5.68602057e-02 -9.07449963e-02 -3.82167036e-02
  -6.94395078e-02  4.11249222e-01 -9.95876491e-02 -7.26470724e-04]]



=================================================  Small Graph Size ==========================================================
==================================================================================================================================


WARNING (theano.tensor.blas): Using NumPy C-API based implementation for BLAS functions.
Anet
------------------------
[[0. 1. 2. 0.]
 [1. 0. 1. 0.]
 [2. 1. 0. 1.]
 [0. 0. 1. 0.]]

Summed norm_adj
------------------------
[[2.82981138 2.58267285 3.57088129 1.62491744]
 [2.58267285 1.86811772 2.86672938 1.29343885]
 [3.57088129 2.86672938 3.79150504 2.17787453]
 [1.62491744 1.29343885 2.17787453 1.00061261]]


Mcap 
------------------------
[[0.         0.05294512 0.0303591  0.        ]
 [0.05294512 0.         0.01345102 0.        ]
 [0.0303591  0.01345102 0.         0.08520223]
 [0.         0.         0.08520223 0.00061242]]

Singular Values and U are
------------------------
[0.05147291 0.09033785 0.09746257]
[[-0.66262835 -0.266208    0.36433781]
 [ 0.71287847  0.05142542  0.28963456]
 [-0.11976727  0.70245607  0.66453096]
 [ 0.19591772 -0.65806094  0.5846096 ]]


Final Embedding is 
------------------------
[[-0.15033474 -0.08001216  0.1137426 ]
 [ 0.16173531  0.01545656  0.090421  ]
 [-0.02717237  0.211132    0.20745989]
 [ 0.04444911 -0.19778848  0.18250924]]

----------------------------------------------------------------------------------------------------------
WARNING (theano.tensor.blas): Using NumPy C-API based implementation for BLAS functions.
A
------------------------
[[0. 1. 1. 0. 0. 2.]
 [1. 0. 1. 0. 0. 1.]
 [1. 1. 0. 0. 3. 1.]
 [0. 0. 0. 0. 4. 1.]
 [0. 0. 3. 4. 0. 1.]
 [2. 1. 1. 1. 1. 0.]]

Summed norm_adj
------------------------
[[1.32580478 1.36065518 1.58246094 1.12428305 1.48218336 1.80005806]
 [1.36065518 0.98363191 1.41475808 0.96054141 1.28646717 1.48747197]
 [1.58246094 1.41475808 1.76804018 1.61038182 2.25027582 1.87103538]
 [1.12428305 0.96054141 1.61038182 1.67877652 2.40048369 1.61680277]
 [1.48218336 1.28646717 2.25027582 2.40048369 2.56667094 2.02179416]
 [1.80005806 1.48747197 1.87103538 1.61680277 2.02179416 1.7969228 ]]


Mcap 
------------------------
[[0.05887611 0.22866382 0.03310509 0.         0.         0.16194281]
 [0.22866382 0.048035   0.06492348 0.         0.         0.11504295]
 [0.03310509 0.06492348 0.         0.         0.0386031  0.        ]
 [0.         0.         0.         0.07177816 0.19438134 0.        ]
 [0.         0.         0.0386031  0.19438134 0.02631897 0.        ]
 [0.16194281 0.11504295 0.         0.         0.         0.        ]]

Singular Values and U are
------------------------
[0.15317648 0.18593871 0.24721493 0.39277665]
[[-0.10114481 -0.7336206  -0.02910851  0.64365255]
 [-0.02865177  0.61754345 -0.01825814  0.6039906 ]
 [ 0.2174206  -0.09683072  0.09535104  0.15647247]
 [ 0.62888124 -0.04294709  0.73824985  0.01470447]
 [-0.72779495  0.05694059  0.66629938  0.02428274]
 [ 0.12845222  0.25686189 -0.02756461  0.44228639]]


Final Embedding is 
------------------------
[[-0.03958582 -0.31634168 -0.01447296  0.40338925]
 [-0.01121366  0.26628851 -0.00907808  0.37853236]
 [ 0.08509357 -0.041754    0.04740922  0.09806426]
 [ 0.24613008 -0.01851905  0.36706309  0.00921557]
 [-0.28484269  0.02455313  0.3312888   0.01521845]
 [ 0.05027333  0.11076042 -0.01370532  0.27718926]]

----------------------------------------------------------------------------------------------------------
WARNING (theano.tensor.blas): Using NumPy C-API based implementation for BLAS functions.
A
------------------------
[[0. 1. 1. 0. 2. 1. 1.]
 [1. 0. 3. 1. 0. 0. 1.]
 [1. 3. 0. 0. 1. 4. 0.]
 [0. 1. 0. 0. 1. 0. 0.]
 [2. 0. 1. 1. 0. 0. 0.]
 [1. 0. 4. 0. 0. 0. 1.]
 [1. 1. 0. 0. 0. 1. 0.]]

Summed norm_adj
------------------------
[[1.59334749 1.62990614 1.97903557 0.94001094 1.57484466 1.6284002
  1.26708112]
 [1.62990614 1.61397752 2.12541576 1.09498757 1.29361095 1.58622214
  1.24221955]
 [1.97903557 2.12541576 2.43710844 1.07418771 1.56688262 2.28403969
  1.378271  ]
 [0.94001094 1.09498757 1.07418771 0.64557462 1.05111569 0.76681148
  0.6012271 ]
 [1.57484466 1.29361095 1.56688262 1.05111569 1.18115379 1.20261869
  0.85360531]
 [1.6284002  1.58622214 2.28403969 0.76681148 1.20261869 1.67487878
  1.25650063]
 [1.26708112 1.24221955 1.378271   0.6012271  0.85360531 1.25650063
  0.81055894]]


Mcap 
------------------------
[[0.         0.         0.         0.         0.14606357 0.
  0.07246389]
 [0.         0.         0.04040926 0.12922354 0.         0.
  0.05264771]
 [0.         0.04040926 0.         0.         0.         0.11238749
  0.        ]
 [0.         0.12922354 0.         0.15017219 0.29106524 0.
  0.        ]
 [0.14606357 0.         0.         0.29106524 0.06113123 0.
  0.        ]
 [0.         0.         0.11238749 0.         0.         0.00491517
  0.06407855]
 [0.07246389 0.05264771 0.         0.         0.         0.06407855
  0.        ]]

Singular Values and U are
------------------------
[0.08602999 0.14532039 0.15474076 0.26380987 0.44420128]
[[-0.71218697  0.10731327  0.28795373 -0.38849655 -0.21588325]
 [ 0.39314107  0.23604894  0.37335769  0.27090569 -0.2174874 ]
 [ 0.21079522  0.56480432 -0.48872971 -0.04417319 -0.02364811]
 [ 0.3361253  -0.08376086 -0.0966821  -0.56006901 -0.71446259]
 [-0.248614   -0.10340186 -0.06447688  0.67631275 -0.62518044]
 [ 0.02000377  0.64543677  0.53866584  0.00628385 -0.01526874]
 [-0.34439209  0.42363239 -0.48493749  0.05112298 -0.06319737]]


Final Embedding is 
------------------------
[[-0.20889063  0.0409088   0.11327265 -0.19954125 -0.14388279]
 [ 0.1153117   0.08998401  0.1468681   0.13914373 -0.14495193]
 [ 0.06182807  0.21530855 -0.19225211 -0.02268842 -0.01576109]
 [ 0.09858847 -0.0319304  -0.03803194 -0.28766503 -0.47617808]
 [-0.07292065 -0.03941773 -0.02536334  0.34737063 -0.41667293]
 [ 0.00586728  0.24604638  0.21189553  0.00322754 -0.01017638]
 [-0.10101319  0.16149253 -0.19076036  0.026258   -0.04212005]]

----------------------------------------------------------------------------------------------------------
WARNING (theano.tensor.blas): Using NumPy C-API based implementation for BLAS functions.
A
------------------------
[[0. 1. 1. 0. 1. 0. 3. 0.]
 [1. 0. 0. 1. 1. 1. 4. 0.]
 [1. 0. 0. 1. 0. 0. 0. 0.]
 [0. 1. 1. 0. 1. 0. 5. 1.]
 [1. 1. 0. 1. 0. 0. 0. 1.]
 [0. 1. 0. 0. 0. 0. 0. 2.]
 [3. 4. 0. 5. 0. 0. 0. 1.]
 [0. 0. 0. 1. 1. 2. 1. 0.]]

Summed norm_adj
------------------------
[[1.19988448 1.40982327 0.89288915 1.41723458 1.03354948 0.67130551
  1.87719465 0.91929891]
 [1.40982327 1.50941505 0.71614898 1.67307368 1.15433614 1.01858827
  2.16677529 1.18256966]
 [0.89288915 0.71614898 0.4485513  0.9589842  0.53073447 0.36202751
  0.99867691 0.50483166]
 [1.41723458 1.67307368 0.9589842  1.72401109 1.2015716  0.90405597
  2.32583238 1.30280824]
 [1.03354948 1.15433614 0.53073447 1.2015716  0.76699987 0.69022422
  1.35281802 1.00217477]
 [0.67130551 1.01858827 0.36202751 0.90405597 0.69022422 0.81320948
  1.08949357 1.27625985]
 [1.87719465 2.16677529 0.99867691 2.32583238 1.35281802 1.08949357
  2.50974356 1.47456822]
 [0.91929891 1.18256966 0.50483166 1.30280824 1.00217477 1.27625985
  1.47456822 1.1673    ]]


Mcap 
------------------------
[[0.         0.01730177 0.25369175 0.         0.05340997 0.
  0.06086195 0.        ]
 [0.01730177 0.         0.         0.         0.02009537 0.03882862
  0.06048248 0.        ]
 [0.25369175 0.         0.11455852 0.12237135 0.         0.
  0.         0.        ]
 [0.         0.         0.12237135 0.         0.00130881 0.
  0.07242893 0.        ]
 [0.05340997 0.02009537 0.         0.00130881 0.         0.
  0.         0.11374419]
 [0.         0.03882862 0.         0.         0.         0.30405908
  0.         0.49934662]
 [0.06086195 0.06048248 0.         0.07242893 0.         0.
  0.         0.        ]
 [0.         0.         0.         0.         0.11374419 0.49934662
  0.         0.15469339]]

Singular Values and U are
------------------------
[0.0696131  0.07151167 0.25129491 0.30590166 0.35727192 0.74315606]
[[-0.29385241 -0.10493517  0.65286858 -0.14580649 -0.57139162 -0.01017294]
 [ 0.59044371  0.57956647 -0.00078738 -0.09877239 -0.0581584  -0.04243394]
 [ 0.16714903 -0.24199551 -0.57084488  0.10484309 -0.74255854 -0.00436431]
 [ 0.3576313   0.3026716   0.35317237 -0.05795834 -0.28823386 -0.00132876]
 [ 0.11362128  0.01507775 -0.06408957  0.2981502  -0.0875348  -0.10203963]
 [-0.00791977  0.00441524  0.15191619  0.59183591  0.02275772 -0.74793803]
 [-0.62818522  0.70742633 -0.25972326  0.0622616  -0.16561628 -0.00441616]
 [-0.03998568 -0.04712261 -0.16889408 -0.71525761  0.00694751 -0.65439451]]


Final Embedding is 
------------------------
[[-7.75308869e-02 -2.80614143e-02  3.27278604e-01 -8.06432016e-02
  -3.41533501e-01 -8.76973321e-03]
 [ 1.55784411e-01  1.54985732e-01 -3.94707603e-04 -5.46294060e-02
  -3.47625683e-02 -3.65808105e-02]
 [ 4.41010933e-02 -6.47136309e-02 -2.86160678e-01  5.79870115e-02
  -4.43843779e-01 -3.76231551e-03]
 [ 9.43584994e-02  8.09394288e-02  1.77042920e-01 -3.20558180e-02
  -1.72283801e-01 -1.14547485e-03]
 [ 2.99781740e-02  4.03204222e-03 -3.21276663e-02  1.64902035e-01
  -5.23215013e-02 -8.79647962e-02]
 [-2.08957628e-03  1.18070771e-03  7.61545583e-02  3.27334835e-01
   1.36027959e-02 -6.44771200e-01]
 [-1.65742244e-01  1.89177590e-01 -1.30197514e-01  3.44358827e-02
  -9.89925389e-02 -3.80701574e-03]
 [-1.05499407e-02 -1.26013723e-02 -8.46654607e-02 -3.95597376e-01
   4.15267853e-03 -5.64130600e-01]]

----------------------------------------------------------------------------------------------------------
WARNING (theano.tensor.blas): Using NumPy C-API based implementation for BLAS functions.
A
------------------------
[[0. 0. 1. 0. 1. 0. 0. 0. 0.]
 [0. 0. 0. 0. 4. 1. 1. 1. 7.]
 [1. 0. 0. 0. 0. 0. 0. 0. 1.]
 [0. 0. 0. 0. 1. 0. 8. 1. 0.]
 [1. 4. 0. 1. 0. 0. 0. 0. 1.]
 [0. 1. 0. 0. 0. 0. 0. 1. 0.]
 [0. 1. 0. 8. 0. 0. 0. 9. 1.]
 [0. 1. 0. 1. 0. 1. 9. 0. 0.]
 [0. 7. 1. 0. 1. 0. 1. 0. 0.]]

Summed norm_adj
------------------------
[[0.68983697 0.80591941 0.98196609 0.31484775 0.85060544 0.19001692
  0.39885565 0.31520018 0.76434365]
 [0.80591941 2.17699379 0.82594136 1.05806781 1.74960301 0.78264146
  1.50839686 1.24483363 2.21178832]
 [0.98196609 0.82594136 0.6650631  0.29196543 0.68584345 0.19423388
  0.40602034 0.31235341 0.90382141]
 [0.31484775 1.05806781 0.29196543 1.53690732 0.80799605 0.48736314
  2.40532481 1.72201355 0.84393866]
 [0.85060544 1.74960301 0.68584345 0.80799605 1.10780604 0.44723087
  1.01944698 0.7904762  1.40332643]
 [0.19001692 0.78264146 0.19423388 0.48736314 0.44723087 0.27559876
  0.74199452 0.73796553 0.55829545]
 [0.39885565 1.50839686 0.40602034 2.40532481 1.01944698 0.74199452
  2.907288   2.57756172 1.21825529]
 [0.31520018 1.24483363 0.31235341 1.72201355 0.7904762  0.73796553
  2.57756172 1.80348617 0.95894828]
 [0.76434365 2.21178832 0.90382141 0.84393866 1.40332643 0.55829545
  1.21825529 0.95894828 1.63950332]]


Mcap 
------------------------
[[0.98967657 0.17224994 1.34277805 0.         0.57278817 0.
  0.         0.         0.28751981]
 [0.17224994 0.19301133 0.19678998 0.         0.32102891 0.14294089
  0.         0.         0.37710391]
 [1.34277805 0.19678998 0.95310319 0.         0.35748919 0.
  0.         0.         0.4551341 ]
 [0.         0.         0.         0.18131081 0.         0.
  0.30829665 0.20387214 0.        ]
 [0.57278817 0.32102891 0.35748919 0.         0.2105951  0.
  0.         0.         0.26872155]
 [0.         0.14294089 0.         0.         0.         0.07216732
  0.         0.16123866 0.        ]
 [0.         0.         0.         0.30829665 0.         0.
  0.17690544 0.2862948  0.        ]
 [0.         0.         0.         0.20387214 0.         0.16123866
  0.2862948  0.15893863 0.        ]
 [0.28751981 0.37710391 0.4551341  0.         0.26872155 0.
  0.         0.         0.24593198]]

Singular Values and U are
------------------------
[0.15313204 0.16889309 0.26366853 0.4619271  0.53669475 0.7208796
 2.71527904]
[[ 8.60334967e-02  2.97350582e-02 -3.10629197e-02 -6.58739116e-01
   2.83556800e-01  1.97493834e-02 -6.49129184e-01]
 [ 2.54009235e-02  2.63110001e-01 -6.47457129e-01 -5.24174867e-02
  -6.67606484e-01 -5.83765372e-02 -1.68476376e-01]
 [ 5.32723528e-02  5.99828550e-02 -1.16397535e-01  6.19680281e-01
   2.36762510e-01  1.69603988e-02 -6.36357443e-01]
 [-3.28045215e-01 -3.29377679e-01  4.30545587e-03  6.90768391e-04
   7.70113782e-02 -5.52659092e-01 -5.63663464e-05]
 [-1.29182041e-01 -1.72549616e-01  3.18321181e-01  3.51055057e-01
  -3.21518153e-01 -1.74191001e-02 -2.87679126e-01]
 [ 7.83970420e-01  1.67080561e-01  4.09661312e-01  1.55978610e-02
  -2.00003037e-01 -1.49744510e-01 -9.14726341e-03]
 [-2.15449800e-01  6.93581849e-01  1.78470102e-01  1.99616742e-03
   7.84327804e-02 -6.03061868e-01 -7.33523119e-05]
 [ 3.71146161e-01 -4.83045969e-01 -2.79280796e-01 -5.19806262e-03
   1.56374694e-02 -5.50715987e-01 -5.89664977e-04]
 [-2.56974154e-01 -2.13829096e-01  4.32743957e-01 -2.36214109e-01
  -5.11994644e-01 -2.79974310e-02 -2.49905802e-01]]


Final Embedding is 
------------------------
[[ 3.36667042e-02  1.22200991e-02 -1.59503943e-02 -4.47713484e-01
   2.07732163e-01  1.67681407e-02 -1.06964181e+00]
 [ 9.93991190e-03  1.08129275e-01 -3.32460586e-01 -3.56256598e-02
  -4.89084862e-01 -4.95643822e-02 -2.77617121e-01]
 [ 2.08465843e-02  2.46509163e-02 -5.97685795e-02  4.21167062e-01
   1.73450921e-01  1.44001636e-02 -1.04859640e+00]
 [-1.28370944e-01 -1.35363040e-01  2.21079407e-03  4.69482252e-04
   5.64181149e-02 -4.69233150e-01 -9.28810506e-05]
 [-5.05516308e-02 -7.09120323e-02  1.63453674e-01  2.38595339e-01
  -2.35542442e-01 -1.47896223e-02 -4.74040650e-01]
 [ 3.06784000e-01  6.86644364e-02  2.10355611e-01  1.06011204e-02
  -1.46521132e-01 -1.27140020e-01 -1.50729556e-02]
 [-8.43100065e-02  2.85038586e-01  9.16420131e-02  1.35669957e-03
   5.74594263e-02 -5.12027440e-01 -1.20870701e-04]
 [ 1.45237245e-01 -1.98515489e-01 -1.43406958e-01 -3.53287466e-03
   1.14559247e-02 -4.67583364e-01 -9.71656068e-04]
 [-1.00559354e-01 -8.78764967e-02  2.22208241e-01 -1.60543437e-01
  -3.75084478e-01 -2.37711148e-02 -4.11797374e-01]]

----------------------------------------------------------------------------------------------------------
WARNING (theano.tensor.blas): Using NumPy C-API based implementation for BLAS functions.
A
------------------------
[[0. 1. 0. 0. 0. 0. 0. 0. 1. 0.]
 [1. 0. 2. 0. 0. 0. 0. 1. 0. 0.]
 [0. 2. 0. 0. 1. 0. 1. 0. 0. 0.]
 [0. 0. 0. 0. 0. 3. 0. 0. 1. 1.]
 [0. 0. 1. 0. 0. 0. 0. 1. 4. 0.]
 [0. 0. 0. 3. 0. 0. 0. 0. 1. 1.]
 [0. 0. 1. 0. 0. 0. 0. 1. 1. 5.]
 [0. 1. 0. 0. 1. 0. 1. 0. 1. 1.]
 [1. 0. 0. 1. 4. 1. 1. 1. 0. 1.]
 [0. 0. 0. 1. 0. 1. 5. 1. 1. 0.]]

Summed norm_adj
------------------------
[[0.48539815 0.90990669 0.63228142 0.37734004 0.62204591 0.37734004
  0.54212775 0.5541937  0.87840082 0.53658693]
 [0.90990669 1.12016582 1.30115901 0.44096517 0.85365325 0.44096517
  0.84503719 0.93042982 0.96436213 0.76242189]
 [0.63228142 1.30115901 0.95835936 0.46707339 0.95882912 0.46707339
  0.97098623 0.80942131 0.97373742 0.83793718]
 [0.37734004 0.44096517 0.46707339 1.23979354 0.75752138 1.61252606
  0.94895206 0.6603963  1.22855651 1.24389078]
 [0.62204591 0.85365325 0.95882912 0.75752138 1.17015875 0.75752138
  1.02137494 1.0470339  1.7085241  1.0344151 ]
 [0.37734004 0.44096517 0.46707339 1.61252606 0.75752138 1.23979354
  0.94895206 0.6603963  1.22855651 1.24389078]
 [0.54212775 0.84503719 0.97098623 0.94895206 1.02137494 0.94895206
  1.52178903 1.14953844 1.40884649 1.93665688]
 [0.5541937  0.93042982 0.80942131 0.6603963  1.0470339  0.6603963
  1.14953844 0.84672147 1.24328262 1.16761037]
 [0.87840082 0.96436213 0.97373742 1.22855651 1.7085241  1.22855651
  1.40884649 1.24328262 1.74897909 1.50980186]
 [0.53658693 0.76242189 0.83793718 1.24389078 1.0344151  1.24389078
  1.93665688 1.16761037 1.50980186 1.69361126]]


Mcap 
------------------------
[[0.34192493 0.62372392 0.25971645 0.         0.04066322 0.
  0.         0.01632435 0.13033951 0.        ]
 [0.62372392 0.48504028 0.63481897 0.         0.0106008  0.
  0.         0.18788316 0.         0.        ]
 [0.25971645 0.63481897 0.3290311  0.         0.1267886  0.
  0.         0.04855606 0.         0.        ]
 [0.         0.         0.         0.36336487 0.         0.62622193
  0.         0.         0.00768632 0.07277087]
 [0.04066322 0.0106008  0.1267886  0.         0.12323787 0.
  0.         0.10322053 0.24631554 0.        ]
 [0.         0.         0.         0.62622193 0.         0.36336487
  0.         0.         0.00768632 0.07277087]
 [0.         0.         0.         0.         0.         0.
  0.09830301 0.0527787  0.         0.28048809]
 [0.01632435 0.18788316 0.04855606 0.         0.10322053 0.
  0.0527787  0.         0.01960157 0.00948591]
 [0.13033951 0.         0.         0.00768632 0.24631554 0.00768632
